(module PQFN50P200X200X100-12N (layer F.Cu) (tedit 63D11D63)
  (fp_text reference REF** (at -0.209 -2.308) (layer F.SilkS)
    (effects (font (size 1 1) (thickness 0.15)))
  )
  (fp_text value PQFN50P200X200X100-12N (at 10.578 2.181) (layer F.Fab)
    (effects (font (size 1 1) (thickness 0.15)))
  )
  (fp_poly (pts (xy 0.925 0.525) (xy 0.931 0.526) (xy 0.936 0.526) (xy 0.942 0.528)
    (xy 0.947 0.529) (xy 0.953 0.531) (xy 0.958 0.533) (xy 0.963 0.535)
    (xy 0.968 0.537) (xy 0.973 0.54) (xy 0.978 0.543) (xy 0.982 0.546)
    (xy 0.987 0.55) (xy 0.991 0.554) (xy 0.995 0.558) (xy 0.999 0.562)
    (xy 1.002 0.566) (xy 1.006 0.571) (xy 1.009 0.575) (xy 1.012 0.58)
    (xy 1.014 0.585) (xy 1.017 0.59) (xy 1.019 0.596) (xy 1.021 0.601)
    (xy 1.022 0.606) (xy 1.023 0.612) (xy 1.024 0.618) (xy 1.025 0.623)
    (xy 1.025 0.629) (xy 1.025 0.634) (xy 1.025 0.64) (xy 1.025 0.86)
    (xy 1.025 0.866) (xy 1.025 0.871) (xy 1.025 0.877) (xy 1.024 0.882)
    (xy 1.023 0.888) (xy 1.022 0.894) (xy 1.021 0.899) (xy 1.019 0.904)
    (xy 1.017 0.91) (xy 1.014 0.915) (xy 1.012 0.92) (xy 1.009 0.925)
    (xy 1.006 0.929) (xy 1.002 0.934) (xy 0.999 0.938) (xy 0.995 0.942)
    (xy 0.991 0.946) (xy 0.987 0.95) (xy 0.982 0.954) (xy 0.978 0.957)
    (xy 0.973 0.96) (xy 0.968 0.963) (xy 0.963 0.965) (xy 0.958 0.967)
    (xy 0.953 0.969) (xy 0.947 0.971) (xy 0.942 0.972) (xy 0.936 0.974)
    (xy 0.931 0.974) (xy 0.925 0.975) (xy 0.625 0.975) (xy 0.619 0.974)
    (xy 0.614 0.974) (xy 0.608 0.972) (xy 0.603 0.971) (xy 0.597 0.969)
    (xy 0.592 0.967) (xy 0.587 0.965) (xy 0.582 0.963) (xy 0.577 0.96)
    (xy 0.572 0.957) (xy 0.568 0.954) (xy 0.563 0.95) (xy 0.559 0.946)
    (xy 0.555 0.942) (xy 0.551 0.938) (xy 0.548 0.934) (xy 0.544 0.929)
    (xy 0.541 0.925) (xy 0.538 0.92) (xy 0.536 0.915) (xy 0.533 0.91)
    (xy 0.531 0.904) (xy 0.529 0.899) (xy 0.528 0.894) (xy 0.527 0.888)
    (xy 0.526 0.882) (xy 0.525 0.877) (xy 0.525 0.871) (xy 0.525 0.866)
    (xy 0.525 0.86) (xy 0.525 0.64) (xy 0.525 0.634) (xy 0.525 0.629)
    (xy 0.525 0.623) (xy 0.526 0.618) (xy 0.527 0.612) (xy 0.528 0.606)
    (xy 0.529 0.601) (xy 0.531 0.596) (xy 0.533 0.59) (xy 0.536 0.585)
    (xy 0.538 0.58) (xy 0.541 0.575) (xy 0.544 0.571) (xy 0.548 0.566)
    (xy 0.551 0.562) (xy 0.555 0.558) (xy 0.559 0.554) (xy 0.563 0.55)
    (xy 0.568 0.546) (xy 0.572 0.543) (xy 0.577 0.54) (xy 0.582 0.537)
    (xy 0.587 0.535) (xy 0.592 0.533) (xy 0.597 0.531) (xy 0.603 0.529)
    (xy 0.608 0.528) (xy 0.614 0.526) (xy 0.619 0.526) (xy 0.625 0.525)
    (xy 0.925 0.525)) (layer F.Mask) (width 0.01))
  (fp_poly (pts (xy 0.915 0.025) (xy 0.921 0.026) (xy 0.926 0.026) (xy 0.932 0.028)
    (xy 0.937 0.029) (xy 0.943 0.031) (xy 0.948 0.033) (xy 0.953 0.035)
    (xy 0.958 0.037) (xy 0.963 0.04) (xy 0.968 0.043) (xy 0.972 0.046)
    (xy 0.977 0.05) (xy 0.981 0.054) (xy 0.985 0.058) (xy 0.989 0.062)
    (xy 0.992 0.066) (xy 0.996 0.071) (xy 0.999 0.075) (xy 1.002 0.08)
    (xy 1.004 0.085) (xy 1.007 0.09) (xy 1.009 0.096) (xy 1.011 0.101)
    (xy 1.012 0.106) (xy 1.013 0.112) (xy 1.014 0.118) (xy 1.015 0.123)
    (xy 1.015 0.129) (xy 1.015 0.134) (xy 1.015 0.14) (xy 1.015 0.36)
    (xy 1.015 0.366) (xy 1.015 0.371) (xy 1.015 0.377) (xy 1.014 0.382)
    (xy 1.013 0.388) (xy 1.012 0.394) (xy 1.011 0.399) (xy 1.009 0.404)
    (xy 1.007 0.41) (xy 1.004 0.415) (xy 1.002 0.42) (xy 0.999 0.425)
    (xy 0.996 0.429) (xy 0.992 0.434) (xy 0.989 0.438) (xy 0.985 0.442)
    (xy 0.981 0.446) (xy 0.977 0.45) (xy 0.972 0.454) (xy 0.968 0.457)
    (xy 0.963 0.46) (xy 0.958 0.463) (xy 0.953 0.465) (xy 0.948 0.467)
    (xy 0.943 0.469) (xy 0.937 0.471) (xy 0.932 0.472) (xy 0.926 0.474)
    (xy 0.921 0.474) (xy 0.915 0.475) (xy 0.615 0.475) (xy 0.609 0.474)
    (xy 0.604 0.474) (xy 0.598 0.472) (xy 0.593 0.471) (xy 0.587 0.469)
    (xy 0.582 0.467) (xy 0.577 0.465) (xy 0.572 0.463) (xy 0.567 0.46)
    (xy 0.562 0.457) (xy 0.558 0.454) (xy 0.553 0.45) (xy 0.549 0.446)
    (xy 0.545 0.442) (xy 0.541 0.438) (xy 0.538 0.434) (xy 0.534 0.429)
    (xy 0.531 0.425) (xy 0.528 0.42) (xy 0.526 0.415) (xy 0.523 0.41)
    (xy 0.521 0.404) (xy 0.519 0.399) (xy 0.518 0.394) (xy 0.517 0.388)
    (xy 0.516 0.382) (xy 0.515 0.377) (xy 0.515 0.371) (xy 0.515 0.366)
    (xy 0.515 0.36) (xy 0.515 0.14) (xy 0.515 0.134) (xy 0.515 0.129)
    (xy 0.515 0.123) (xy 0.516 0.118) (xy 0.517 0.112) (xy 0.518 0.106)
    (xy 0.519 0.101) (xy 0.521 0.096) (xy 0.523 0.09) (xy 0.526 0.085)
    (xy 0.528 0.08) (xy 0.531 0.075) (xy 0.534 0.071) (xy 0.538 0.066)
    (xy 0.541 0.062) (xy 0.545 0.058) (xy 0.549 0.054) (xy 0.553 0.05)
    (xy 0.558 0.046) (xy 0.562 0.043) (xy 0.567 0.04) (xy 0.572 0.037)
    (xy 0.577 0.035) (xy 0.582 0.033) (xy 0.587 0.031) (xy 0.593 0.029)
    (xy 0.598 0.028) (xy 0.604 0.026) (xy 0.609 0.026) (xy 0.615 0.025)
    (xy 0.915 0.025)) (layer F.Mask) (width 0.01))
  (fp_poly (pts (xy 0.915 -0.475) (xy 0.921 -0.474) (xy 0.926 -0.474) (xy 0.932 -0.472)
    (xy 0.937 -0.471) (xy 0.943 -0.469) (xy 0.948 -0.467) (xy 0.953 -0.465)
    (xy 0.958 -0.463) (xy 0.963 -0.46) (xy 0.968 -0.457) (xy 0.972 -0.454)
    (xy 0.977 -0.45) (xy 0.981 -0.446) (xy 0.985 -0.442) (xy 0.989 -0.438)
    (xy 0.992 -0.434) (xy 0.996 -0.429) (xy 0.999 -0.425) (xy 1.002 -0.42)
    (xy 1.004 -0.415) (xy 1.007 -0.41) (xy 1.009 -0.404) (xy 1.011 -0.399)
    (xy 1.012 -0.394) (xy 1.013 -0.388) (xy 1.014 -0.382) (xy 1.015 -0.377)
    (xy 1.015 -0.371) (xy 1.015 -0.366) (xy 1.015 -0.36) (xy 1.015 -0.14)
    (xy 1.015 -0.134) (xy 1.015 -0.129) (xy 1.015 -0.123) (xy 1.014 -0.118)
    (xy 1.013 -0.112) (xy 1.012 -0.106) (xy 1.011 -0.101) (xy 1.009 -0.096)
    (xy 1.007 -0.09) (xy 1.004 -0.085) (xy 1.002 -0.08) (xy 0.999 -0.075)
    (xy 0.996 -0.071) (xy 0.992 -0.066) (xy 0.989 -0.062) (xy 0.985 -0.058)
    (xy 0.981 -0.054) (xy 0.977 -0.05) (xy 0.972 -0.046) (xy 0.968 -0.043)
    (xy 0.963 -0.04) (xy 0.958 -0.037) (xy 0.953 -0.035) (xy 0.948 -0.033)
    (xy 0.943 -0.031) (xy 0.937 -0.029) (xy 0.932 -0.028) (xy 0.926 -0.026)
    (xy 0.921 -0.026) (xy 0.915 -0.025) (xy 0.615 -0.025) (xy 0.609 -0.026)
    (xy 0.604 -0.026) (xy 0.598 -0.028) (xy 0.593 -0.029) (xy 0.587 -0.031)
    (xy 0.582 -0.033) (xy 0.577 -0.035) (xy 0.572 -0.037) (xy 0.567 -0.04)
    (xy 0.562 -0.043) (xy 0.558 -0.046) (xy 0.553 -0.05) (xy 0.549 -0.054)
    (xy 0.545 -0.058) (xy 0.541 -0.062) (xy 0.538 -0.066) (xy 0.534 -0.071)
    (xy 0.531 -0.075) (xy 0.528 -0.08) (xy 0.526 -0.085) (xy 0.523 -0.09)
    (xy 0.521 -0.096) (xy 0.519 -0.101) (xy 0.518 -0.106) (xy 0.517 -0.112)
    (xy 0.516 -0.118) (xy 0.515 -0.123) (xy 0.515 -0.129) (xy 0.515 -0.134)
    (xy 0.515 -0.14) (xy 0.515 -0.36) (xy 0.515 -0.366) (xy 0.515 -0.371)
    (xy 0.515 -0.377) (xy 0.516 -0.382) (xy 0.517 -0.388) (xy 0.518 -0.394)
    (xy 0.519 -0.399) (xy 0.521 -0.404) (xy 0.523 -0.41) (xy 0.526 -0.415)
    (xy 0.528 -0.42) (xy 0.531 -0.425) (xy 0.534 -0.429) (xy 0.538 -0.434)
    (xy 0.541 -0.438) (xy 0.545 -0.442) (xy 0.549 -0.446) (xy 0.553 -0.45)
    (xy 0.558 -0.454) (xy 0.562 -0.457) (xy 0.567 -0.46) (xy 0.572 -0.463)
    (xy 0.577 -0.465) (xy 0.582 -0.467) (xy 0.587 -0.469) (xy 0.593 -0.471)
    (xy 0.598 -0.472) (xy 0.604 -0.474) (xy 0.609 -0.474) (xy 0.615 -0.475)
    (xy 0.915 -0.475)) (layer F.Mask) (width 0.01))
  (fp_poly (pts (xy -0.475 -0.915) (xy -0.474 -0.921) (xy -0.474 -0.926) (xy -0.472 -0.932)
    (xy -0.471 -0.937) (xy -0.469 -0.943) (xy -0.467 -0.948) (xy -0.465 -0.953)
    (xy -0.463 -0.958) (xy -0.46 -0.963) (xy -0.457 -0.968) (xy -0.454 -0.972)
    (xy -0.45 -0.977) (xy -0.446 -0.981) (xy -0.442 -0.985) (xy -0.438 -0.989)
    (xy -0.434 -0.992) (xy -0.429 -0.996) (xy -0.425 -0.999) (xy -0.42 -1.002)
    (xy -0.415 -1.004) (xy -0.41 -1.007) (xy -0.404 -1.009) (xy -0.399 -1.011)
    (xy -0.394 -1.012) (xy -0.388 -1.013) (xy -0.382 -1.014) (xy -0.377 -1.015)
    (xy -0.371 -1.015) (xy -0.366 -1.015) (xy -0.36 -1.015) (xy -0.14 -1.015)
    (xy -0.134 -1.015) (xy -0.129 -1.015) (xy -0.123 -1.015) (xy -0.118 -1.014)
    (xy -0.112 -1.013) (xy -0.106 -1.012) (xy -0.101 -1.011) (xy -0.096 -1.009)
    (xy -0.09 -1.007) (xy -0.085 -1.004) (xy -0.08 -1.002) (xy -0.075 -0.999)
    (xy -0.071 -0.996) (xy -0.066 -0.992) (xy -0.062 -0.989) (xy -0.058 -0.985)
    (xy -0.054 -0.981) (xy -0.05 -0.977) (xy -0.046 -0.972) (xy -0.043 -0.968)
    (xy -0.04 -0.963) (xy -0.037 -0.958) (xy -0.035 -0.953) (xy -0.033 -0.948)
    (xy -0.031 -0.943) (xy -0.029 -0.937) (xy -0.028 -0.932) (xy -0.026 -0.926)
    (xy -0.026 -0.921) (xy -0.025 -0.915) (xy -0.025 -0.615) (xy -0.026 -0.609)
    (xy -0.026 -0.604) (xy -0.028 -0.598) (xy -0.029 -0.593) (xy -0.031 -0.587)
    (xy -0.033 -0.582) (xy -0.035 -0.577) (xy -0.037 -0.572) (xy -0.04 -0.567)
    (xy -0.043 -0.562) (xy -0.046 -0.558) (xy -0.05 -0.553) (xy -0.054 -0.549)
    (xy -0.058 -0.545) (xy -0.062 -0.541) (xy -0.066 -0.538) (xy -0.071 -0.534)
    (xy -0.075 -0.531) (xy -0.08 -0.528) (xy -0.085 -0.526) (xy -0.09 -0.523)
    (xy -0.096 -0.521) (xy -0.101 -0.519) (xy -0.106 -0.518) (xy -0.112 -0.517)
    (xy -0.118 -0.516) (xy -0.123 -0.515) (xy -0.129 -0.515) (xy -0.134 -0.515)
    (xy -0.14 -0.515) (xy -0.36 -0.515) (xy -0.366 -0.515) (xy -0.371 -0.515)
    (xy -0.377 -0.515) (xy -0.382 -0.516) (xy -0.388 -0.517) (xy -0.394 -0.518)
    (xy -0.399 -0.519) (xy -0.404 -0.521) (xy -0.41 -0.523) (xy -0.415 -0.526)
    (xy -0.42 -0.528) (xy -0.425 -0.531) (xy -0.429 -0.534) (xy -0.434 -0.538)
    (xy -0.438 -0.541) (xy -0.442 -0.545) (xy -0.446 -0.549) (xy -0.45 -0.553)
    (xy -0.454 -0.558) (xy -0.457 -0.562) (xy -0.46 -0.567) (xy -0.463 -0.572)
    (xy -0.465 -0.577) (xy -0.467 -0.582) (xy -0.469 -0.587) (xy -0.471 -0.593)
    (xy -0.472 -0.598) (xy -0.474 -0.604) (xy -0.474 -0.609) (xy -0.475 -0.615)
    (xy -0.475 -0.915)) (layer F.Mask) (width 0.01))
  (fp_poly (pts (xy -0.475 0.615) (xy -0.474 0.609) (xy -0.474 0.604) (xy -0.472 0.598)
    (xy -0.471 0.593) (xy -0.469 0.587) (xy -0.467 0.582) (xy -0.465 0.577)
    (xy -0.463 0.572) (xy -0.46 0.567) (xy -0.457 0.562) (xy -0.454 0.558)
    (xy -0.45 0.553) (xy -0.446 0.549) (xy -0.442 0.545) (xy -0.438 0.541)
    (xy -0.434 0.538) (xy -0.429 0.534) (xy -0.425 0.531) (xy -0.42 0.528)
    (xy -0.415 0.526) (xy -0.41 0.523) (xy -0.404 0.521) (xy -0.399 0.519)
    (xy -0.394 0.518) (xy -0.388 0.517) (xy -0.382 0.516) (xy -0.377 0.515)
    (xy -0.371 0.515) (xy -0.366 0.515) (xy -0.36 0.515) (xy -0.14 0.515)
    (xy -0.134 0.515) (xy -0.129 0.515) (xy -0.123 0.515) (xy -0.118 0.516)
    (xy -0.112 0.517) (xy -0.106 0.518) (xy -0.101 0.519) (xy -0.096 0.521)
    (xy -0.09 0.523) (xy -0.085 0.526) (xy -0.08 0.528) (xy -0.075 0.531)
    (xy -0.071 0.534) (xy -0.066 0.538) (xy -0.062 0.541) (xy -0.058 0.545)
    (xy -0.054 0.549) (xy -0.05 0.553) (xy -0.046 0.558) (xy -0.043 0.562)
    (xy -0.04 0.567) (xy -0.037 0.572) (xy -0.035 0.577) (xy -0.033 0.582)
    (xy -0.031 0.587) (xy -0.029 0.593) (xy -0.028 0.598) (xy -0.026 0.604)
    (xy -0.026 0.609) (xy -0.025 0.615) (xy -0.025 0.915) (xy -0.026 0.921)
    (xy -0.026 0.926) (xy -0.028 0.932) (xy -0.029 0.937) (xy -0.031 0.943)
    (xy -0.033 0.948) (xy -0.035 0.953) (xy -0.037 0.958) (xy -0.04 0.963)
    (xy -0.043 0.968) (xy -0.046 0.972) (xy -0.05 0.977) (xy -0.054 0.981)
    (xy -0.058 0.985) (xy -0.062 0.989) (xy -0.066 0.992) (xy -0.071 0.996)
    (xy -0.075 0.999) (xy -0.08 1.002) (xy -0.085 1.004) (xy -0.09 1.007)
    (xy -0.096 1.009) (xy -0.101 1.011) (xy -0.106 1.012) (xy -0.112 1.013)
    (xy -0.118 1.014) (xy -0.123 1.015) (xy -0.129 1.015) (xy -0.134 1.015)
    (xy -0.14 1.015) (xy -0.36 1.015) (xy -0.366 1.015) (xy -0.371 1.015)
    (xy -0.377 1.015) (xy -0.382 1.014) (xy -0.388 1.013) (xy -0.394 1.012)
    (xy -0.399 1.011) (xy -0.404 1.009) (xy -0.41 1.007) (xy -0.415 1.004)
    (xy -0.42 1.002) (xy -0.425 0.999) (xy -0.429 0.996) (xy -0.434 0.992)
    (xy -0.438 0.989) (xy -0.442 0.985) (xy -0.446 0.981) (xy -0.45 0.977)
    (xy -0.454 0.972) (xy -0.457 0.968) (xy -0.46 0.963) (xy -0.463 0.958)
    (xy -0.465 0.953) (xy -0.467 0.948) (xy -0.469 0.943) (xy -0.471 0.937)
    (xy -0.472 0.932) (xy -0.474 0.926) (xy -0.474 0.921) (xy -0.475 0.915)
    (xy -0.475 0.615)) (layer F.Mask) (width 0.01))
  (fp_poly (pts (xy -0.625 0.525) (xy -0.619 0.526) (xy -0.614 0.526) (xy -0.608 0.528)
    (xy -0.603 0.529) (xy -0.597 0.531) (xy -0.592 0.533) (xy -0.587 0.535)
    (xy -0.582 0.537) (xy -0.577 0.54) (xy -0.572 0.543) (xy -0.568 0.546)
    (xy -0.563 0.55) (xy -0.559 0.554) (xy -0.555 0.558) (xy -0.551 0.562)
    (xy -0.548 0.566) (xy -0.544 0.571) (xy -0.541 0.575) (xy -0.538 0.58)
    (xy -0.536 0.585) (xy -0.533 0.59) (xy -0.531 0.596) (xy -0.529 0.601)
    (xy -0.528 0.606) (xy -0.527 0.612) (xy -0.526 0.618) (xy -0.525 0.623)
    (xy -0.525 0.629) (xy -0.525 0.634) (xy -0.525 0.64) (xy -0.525 0.86)
    (xy -0.525 0.866) (xy -0.525 0.871) (xy -0.525 0.877) (xy -0.526 0.882)
    (xy -0.527 0.888) (xy -0.528 0.894) (xy -0.529 0.899) (xy -0.531 0.904)
    (xy -0.533 0.91) (xy -0.536 0.915) (xy -0.538 0.92) (xy -0.541 0.925)
    (xy -0.544 0.929) (xy -0.548 0.934) (xy -0.551 0.938) (xy -0.555 0.942)
    (xy -0.559 0.946) (xy -0.563 0.95) (xy -0.568 0.954) (xy -0.572 0.957)
    (xy -0.577 0.96) (xy -0.582 0.963) (xy -0.587 0.965) (xy -0.592 0.967)
    (xy -0.597 0.969) (xy -0.603 0.971) (xy -0.608 0.972) (xy -0.614 0.974)
    (xy -0.619 0.974) (xy -0.625 0.975) (xy -0.925 0.975) (xy -0.931 0.974)
    (xy -0.936 0.974) (xy -0.942 0.972) (xy -0.947 0.971) (xy -0.953 0.969)
    (xy -0.958 0.967) (xy -0.963 0.965) (xy -0.968 0.963) (xy -0.973 0.96)
    (xy -0.978 0.957) (xy -0.982 0.954) (xy -0.987 0.95) (xy -0.991 0.946)
    (xy -0.995 0.942) (xy -0.999 0.938) (xy -1.002 0.934) (xy -1.006 0.929)
    (xy -1.009 0.925) (xy -1.012 0.92) (xy -1.014 0.915) (xy -1.017 0.91)
    (xy -1.019 0.904) (xy -1.021 0.899) (xy -1.022 0.894) (xy -1.023 0.888)
    (xy -1.024 0.882) (xy -1.025 0.877) (xy -1.025 0.871) (xy -1.025 0.866)
    (xy -1.025 0.86) (xy -1.025 0.64) (xy -1.025 0.634) (xy -1.025 0.629)
    (xy -1.025 0.623) (xy -1.024 0.618) (xy -1.023 0.612) (xy -1.022 0.606)
    (xy -1.021 0.601) (xy -1.019 0.596) (xy -1.017 0.59) (xy -1.014 0.585)
    (xy -1.012 0.58) (xy -1.009 0.575) (xy -1.006 0.571) (xy -1.002 0.566)
    (xy -0.999 0.562) (xy -0.995 0.558) (xy -0.991 0.554) (xy -0.987 0.55)
    (xy -0.982 0.546) (xy -0.978 0.543) (xy -0.973 0.54) (xy -0.968 0.537)
    (xy -0.963 0.535) (xy -0.958 0.533) (xy -0.953 0.531) (xy -0.947 0.529)
    (xy -0.942 0.528) (xy -0.936 0.526) (xy -0.931 0.526) (xy -0.925 0.525)
    (xy -0.625 0.525)) (layer F.Mask) (width 0.01))
  (fp_poly (pts (xy -0.615 0.025) (xy -0.609 0.026) (xy -0.604 0.026) (xy -0.598 0.028)
    (xy -0.593 0.029) (xy -0.587 0.031) (xy -0.582 0.033) (xy -0.577 0.035)
    (xy -0.572 0.037) (xy -0.567 0.04) (xy -0.562 0.043) (xy -0.558 0.046)
    (xy -0.553 0.05) (xy -0.549 0.054) (xy -0.545 0.058) (xy -0.541 0.062)
    (xy -0.538 0.066) (xy -0.534 0.071) (xy -0.531 0.075) (xy -0.528 0.08)
    (xy -0.526 0.085) (xy -0.523 0.09) (xy -0.521 0.096) (xy -0.519 0.101)
    (xy -0.518 0.106) (xy -0.517 0.112) (xy -0.516 0.118) (xy -0.515 0.123)
    (xy -0.515 0.129) (xy -0.515 0.134) (xy -0.515 0.14) (xy -0.515 0.36)
    (xy -0.515 0.366) (xy -0.515 0.371) (xy -0.515 0.377) (xy -0.516 0.382)
    (xy -0.517 0.388) (xy -0.518 0.394) (xy -0.519 0.399) (xy -0.521 0.404)
    (xy -0.523 0.41) (xy -0.526 0.415) (xy -0.528 0.42) (xy -0.531 0.425)
    (xy -0.534 0.429) (xy -0.538 0.434) (xy -0.541 0.438) (xy -0.545 0.442)
    (xy -0.549 0.446) (xy -0.553 0.45) (xy -0.558 0.454) (xy -0.562 0.457)
    (xy -0.567 0.46) (xy -0.572 0.463) (xy -0.577 0.465) (xy -0.582 0.467)
    (xy -0.587 0.469) (xy -0.593 0.471) (xy -0.598 0.472) (xy -0.604 0.474)
    (xy -0.609 0.474) (xy -0.615 0.475) (xy -0.915 0.475) (xy -0.921 0.474)
    (xy -0.926 0.474) (xy -0.932 0.472) (xy -0.937 0.471) (xy -0.943 0.469)
    (xy -0.948 0.467) (xy -0.953 0.465) (xy -0.958 0.463) (xy -0.963 0.46)
    (xy -0.968 0.457) (xy -0.972 0.454) (xy -0.977 0.45) (xy -0.981 0.446)
    (xy -0.985 0.442) (xy -0.989 0.438) (xy -0.992 0.434) (xy -0.996 0.429)
    (xy -0.999 0.425) (xy -1.002 0.42) (xy -1.004 0.415) (xy -1.007 0.41)
    (xy -1.009 0.404) (xy -1.011 0.399) (xy -1.012 0.394) (xy -1.013 0.388)
    (xy -1.014 0.382) (xy -1.015 0.377) (xy -1.015 0.371) (xy -1.015 0.366)
    (xy -1.015 0.36) (xy -1.015 0.14) (xy -1.015 0.134) (xy -1.015 0.129)
    (xy -1.015 0.123) (xy -1.014 0.118) (xy -1.013 0.112) (xy -1.012 0.106)
    (xy -1.011 0.101) (xy -1.009 0.096) (xy -1.007 0.09) (xy -1.004 0.085)
    (xy -1.002 0.08) (xy -0.999 0.075) (xy -0.996 0.071) (xy -0.992 0.066)
    (xy -0.989 0.062) (xy -0.985 0.058) (xy -0.981 0.054) (xy -0.977 0.05)
    (xy -0.972 0.046) (xy -0.968 0.043) (xy -0.963 0.04) (xy -0.958 0.037)
    (xy -0.953 0.035) (xy -0.948 0.033) (xy -0.943 0.031) (xy -0.937 0.029)
    (xy -0.932 0.028) (xy -0.926 0.026) (xy -0.921 0.026) (xy -0.915 0.025)
    (xy -0.615 0.025)) (layer F.Mask) (width 0.01))
  (fp_poly (pts (xy -0.615 -0.475) (xy -0.609 -0.474) (xy -0.604 -0.474) (xy -0.598 -0.472)
    (xy -0.593 -0.471) (xy -0.587 -0.469) (xy -0.582 -0.467) (xy -0.577 -0.465)
    (xy -0.572 -0.463) (xy -0.567 -0.46) (xy -0.562 -0.457) (xy -0.558 -0.454)
    (xy -0.553 -0.45) (xy -0.549 -0.446) (xy -0.545 -0.442) (xy -0.541 -0.438)
    (xy -0.538 -0.434) (xy -0.534 -0.429) (xy -0.531 -0.425) (xy -0.528 -0.42)
    (xy -0.526 -0.415) (xy -0.523 -0.41) (xy -0.521 -0.404) (xy -0.519 -0.399)
    (xy -0.518 -0.394) (xy -0.517 -0.388) (xy -0.516 -0.382) (xy -0.515 -0.377)
    (xy -0.515 -0.371) (xy -0.515 -0.366) (xy -0.515 -0.36) (xy -0.515 -0.14)
    (xy -0.515 -0.134) (xy -0.515 -0.129) (xy -0.515 -0.123) (xy -0.516 -0.118)
    (xy -0.517 -0.112) (xy -0.518 -0.106) (xy -0.519 -0.101) (xy -0.521 -0.096)
    (xy -0.523 -0.09) (xy -0.526 -0.085) (xy -0.528 -0.08) (xy -0.531 -0.075)
    (xy -0.534 -0.071) (xy -0.538 -0.066) (xy -0.541 -0.062) (xy -0.545 -0.058)
    (xy -0.549 -0.054) (xy -0.553 -0.05) (xy -0.558 -0.046) (xy -0.562 -0.043)
    (xy -0.567 -0.04) (xy -0.572 -0.037) (xy -0.577 -0.035) (xy -0.582 -0.033)
    (xy -0.587 -0.031) (xy -0.593 -0.029) (xy -0.598 -0.028) (xy -0.604 -0.026)
    (xy -0.609 -0.026) (xy -0.615 -0.025) (xy -0.915 -0.025) (xy -0.921 -0.026)
    (xy -0.926 -0.026) (xy -0.932 -0.028) (xy -0.937 -0.029) (xy -0.943 -0.031)
    (xy -0.948 -0.033) (xy -0.953 -0.035) (xy -0.958 -0.037) (xy -0.963 -0.04)
    (xy -0.968 -0.043) (xy -0.972 -0.046) (xy -0.977 -0.05) (xy -0.981 -0.054)
    (xy -0.985 -0.058) (xy -0.989 -0.062) (xy -0.992 -0.066) (xy -0.996 -0.071)
    (xy -0.999 -0.075) (xy -1.002 -0.08) (xy -1.004 -0.085) (xy -1.007 -0.09)
    (xy -1.009 -0.096) (xy -1.011 -0.101) (xy -1.012 -0.106) (xy -1.013 -0.112)
    (xy -1.014 -0.118) (xy -1.015 -0.123) (xy -1.015 -0.129) (xy -1.015 -0.134)
    (xy -1.015 -0.14) (xy -1.015 -0.36) (xy -1.015 -0.366) (xy -1.015 -0.371)
    (xy -1.015 -0.377) (xy -1.014 -0.382) (xy -1.013 -0.388) (xy -1.012 -0.394)
    (xy -1.011 -0.399) (xy -1.009 -0.404) (xy -1.007 -0.41) (xy -1.004 -0.415)
    (xy -1.002 -0.42) (xy -0.999 -0.425) (xy -0.996 -0.429) (xy -0.992 -0.434)
    (xy -0.989 -0.438) (xy -0.985 -0.442) (xy -0.981 -0.446) (xy -0.977 -0.45)
    (xy -0.972 -0.454) (xy -0.968 -0.457) (xy -0.963 -0.46) (xy -0.958 -0.463)
    (xy -0.953 -0.465) (xy -0.948 -0.467) (xy -0.943 -0.469) (xy -0.937 -0.471)
    (xy -0.932 -0.472) (xy -0.926 -0.474) (xy -0.921 -0.474) (xy -0.915 -0.475)
    (xy -0.615 -0.475)) (layer F.Mask) (width 0.01))
  (fp_poly (pts (xy 0.025 0.615) (xy 0.026 0.609) (xy 0.026 0.604) (xy 0.028 0.598)
    (xy 0.029 0.593) (xy 0.031 0.587) (xy 0.033 0.582) (xy 0.035 0.577)
    (xy 0.037 0.572) (xy 0.04 0.567) (xy 0.043 0.562) (xy 0.046 0.558)
    (xy 0.05 0.553) (xy 0.054 0.549) (xy 0.058 0.545) (xy 0.062 0.541)
    (xy 0.066 0.538) (xy 0.071 0.534) (xy 0.075 0.531) (xy 0.08 0.528)
    (xy 0.085 0.526) (xy 0.09 0.523) (xy 0.096 0.521) (xy 0.101 0.519)
    (xy 0.106 0.518) (xy 0.112 0.517) (xy 0.118 0.516) (xy 0.123 0.515)
    (xy 0.129 0.515) (xy 0.134 0.515) (xy 0.14 0.515) (xy 0.36 0.515)
    (xy 0.366 0.515) (xy 0.371 0.515) (xy 0.377 0.515) (xy 0.382 0.516)
    (xy 0.388 0.517) (xy 0.394 0.518) (xy 0.399 0.519) (xy 0.404 0.521)
    (xy 0.41 0.523) (xy 0.415 0.526) (xy 0.42 0.528) (xy 0.425 0.531)
    (xy 0.429 0.534) (xy 0.434 0.538) (xy 0.438 0.541) (xy 0.442 0.545)
    (xy 0.446 0.549) (xy 0.45 0.553) (xy 0.454 0.558) (xy 0.457 0.562)
    (xy 0.46 0.567) (xy 0.463 0.572) (xy 0.465 0.577) (xy 0.467 0.582)
    (xy 0.469 0.587) (xy 0.471 0.593) (xy 0.472 0.598) (xy 0.474 0.604)
    (xy 0.474 0.609) (xy 0.475 0.615) (xy 0.475 0.915) (xy 0.474 0.921)
    (xy 0.474 0.926) (xy 0.472 0.932) (xy 0.471 0.937) (xy 0.469 0.943)
    (xy 0.467 0.948) (xy 0.465 0.953) (xy 0.463 0.958) (xy 0.46 0.963)
    (xy 0.457 0.968) (xy 0.454 0.972) (xy 0.45 0.977) (xy 0.446 0.981)
    (xy 0.442 0.985) (xy 0.438 0.989) (xy 0.434 0.992) (xy 0.429 0.996)
    (xy 0.425 0.999) (xy 0.42 1.002) (xy 0.415 1.004) (xy 0.41 1.007)
    (xy 0.404 1.009) (xy 0.399 1.011) (xy 0.394 1.012) (xy 0.388 1.013)
    (xy 0.382 1.014) (xy 0.377 1.015) (xy 0.371 1.015) (xy 0.366 1.015)
    (xy 0.36 1.015) (xy 0.14 1.015) (xy 0.134 1.015) (xy 0.129 1.015)
    (xy 0.123 1.015) (xy 0.118 1.014) (xy 0.112 1.013) (xy 0.106 1.012)
    (xy 0.101 1.011) (xy 0.096 1.009) (xy 0.09 1.007) (xy 0.085 1.004)
    (xy 0.08 1.002) (xy 0.075 0.999) (xy 0.071 0.996) (xy 0.066 0.992)
    (xy 0.062 0.989) (xy 0.058 0.985) (xy 0.054 0.981) (xy 0.05 0.977)
    (xy 0.046 0.972) (xy 0.043 0.968) (xy 0.04 0.963) (xy 0.037 0.958)
    (xy 0.035 0.953) (xy 0.033 0.948) (xy 0.031 0.943) (xy 0.029 0.937)
    (xy 0.028 0.932) (xy 0.026 0.926) (xy 0.026 0.921) (xy 0.025 0.915)
    (xy 0.025 0.615)) (layer F.Mask) (width 0.01))
  (fp_poly (pts (xy 0.925 -0.975) (xy 0.931 -0.974) (xy 0.936 -0.974) (xy 0.942 -0.972)
    (xy 0.947 -0.971) (xy 0.953 -0.969) (xy 0.958 -0.967) (xy 0.963 -0.965)
    (xy 0.968 -0.963) (xy 0.973 -0.96) (xy 0.978 -0.957) (xy 0.982 -0.954)
    (xy 0.987 -0.95) (xy 0.991 -0.946) (xy 0.995 -0.942) (xy 0.999 -0.938)
    (xy 1.002 -0.934) (xy 1.006 -0.929) (xy 1.009 -0.925) (xy 1.012 -0.92)
    (xy 1.014 -0.915) (xy 1.017 -0.91) (xy 1.019 -0.904) (xy 1.021 -0.899)
    (xy 1.022 -0.894) (xy 1.023 -0.888) (xy 1.024 -0.882) (xy 1.025 -0.877)
    (xy 1.025 -0.871) (xy 1.025 -0.866) (xy 1.025 -0.86) (xy 1.025 -0.64)
    (xy 1.025 -0.634) (xy 1.025 -0.629) (xy 1.025 -0.623) (xy 1.024 -0.618)
    (xy 1.023 -0.612) (xy 1.022 -0.606) (xy 1.021 -0.601) (xy 1.019 -0.596)
    (xy 1.017 -0.59) (xy 1.014 -0.585) (xy 1.012 -0.58) (xy 1.009 -0.575)
    (xy 1.006 -0.571) (xy 1.002 -0.566) (xy 0.999 -0.562) (xy 0.995 -0.558)
    (xy 0.991 -0.554) (xy 0.987 -0.55) (xy 0.982 -0.546) (xy 0.978 -0.543)
    (xy 0.973 -0.54) (xy 0.968 -0.537) (xy 0.963 -0.535) (xy 0.958 -0.533)
    (xy 0.953 -0.531) (xy 0.947 -0.529) (xy 0.942 -0.528) (xy 0.936 -0.526)
    (xy 0.931 -0.526) (xy 0.925 -0.525) (xy 0.625 -0.525) (xy 0.619 -0.526)
    (xy 0.614 -0.526) (xy 0.608 -0.528) (xy 0.603 -0.529) (xy 0.597 -0.531)
    (xy 0.592 -0.533) (xy 0.587 -0.535) (xy 0.582 -0.537) (xy 0.577 -0.54)
    (xy 0.572 -0.543) (xy 0.568 -0.546) (xy 0.563 -0.55) (xy 0.559 -0.554)
    (xy 0.555 -0.558) (xy 0.551 -0.562) (xy 0.548 -0.566) (xy 0.544 -0.571)
    (xy 0.541 -0.575) (xy 0.538 -0.58) (xy 0.536 -0.585) (xy 0.533 -0.59)
    (xy 0.531 -0.596) (xy 0.529 -0.601) (xy 0.528 -0.606) (xy 0.527 -0.612)
    (xy 0.526 -0.618) (xy 0.525 -0.623) (xy 0.525 -0.629) (xy 0.525 -0.634)
    (xy 0.525 -0.64) (xy 0.525 -0.86) (xy 0.525 -0.866) (xy 0.525 -0.871)
    (xy 0.525 -0.877) (xy 0.526 -0.882) (xy 0.527 -0.888) (xy 0.528 -0.894)
    (xy 0.529 -0.899) (xy 0.531 -0.904) (xy 0.533 -0.91) (xy 0.536 -0.915)
    (xy 0.538 -0.92) (xy 0.541 -0.925) (xy 0.544 -0.929) (xy 0.548 -0.934)
    (xy 0.551 -0.938) (xy 0.555 -0.942) (xy 0.559 -0.946) (xy 0.563 -0.95)
    (xy 0.568 -0.954) (xy 0.572 -0.957) (xy 0.577 -0.96) (xy 0.582 -0.963)
    (xy 0.587 -0.965) (xy 0.592 -0.967) (xy 0.597 -0.969) (xy 0.603 -0.971)
    (xy 0.608 -0.972) (xy 0.614 -0.974) (xy 0.619 -0.974) (xy 0.625 -0.975)
    (xy 0.925 -0.975)) (layer F.Mask) (width 0.01))
  (fp_poly (pts (xy 0.025 -0.915) (xy 0.026 -0.921) (xy 0.026 -0.926) (xy 0.028 -0.932)
    (xy 0.029 -0.937) (xy 0.031 -0.943) (xy 0.033 -0.948) (xy 0.035 -0.953)
    (xy 0.037 -0.958) (xy 0.04 -0.963) (xy 0.043 -0.968) (xy 0.046 -0.972)
    (xy 0.05 -0.977) (xy 0.054 -0.981) (xy 0.058 -0.985) (xy 0.062 -0.989)
    (xy 0.066 -0.992) (xy 0.071 -0.996) (xy 0.075 -0.999) (xy 0.08 -1.002)
    (xy 0.085 -1.004) (xy 0.09 -1.007) (xy 0.096 -1.009) (xy 0.101 -1.011)
    (xy 0.106 -1.012) (xy 0.112 -1.013) (xy 0.118 -1.014) (xy 0.123 -1.015)
    (xy 0.129 -1.015) (xy 0.134 -1.015) (xy 0.14 -1.015) (xy 0.36 -1.015)
    (xy 0.366 -1.015) (xy 0.371 -1.015) (xy 0.377 -1.015) (xy 0.382 -1.014)
    (xy 0.388 -1.013) (xy 0.394 -1.012) (xy 0.399 -1.011) (xy 0.404 -1.009)
    (xy 0.41 -1.007) (xy 0.415 -1.004) (xy 0.42 -1.002) (xy 0.425 -0.999)
    (xy 0.429 -0.996) (xy 0.434 -0.992) (xy 0.438 -0.989) (xy 0.442 -0.985)
    (xy 0.446 -0.981) (xy 0.45 -0.977) (xy 0.454 -0.972) (xy 0.457 -0.968)
    (xy 0.46 -0.963) (xy 0.463 -0.958) (xy 0.465 -0.953) (xy 0.467 -0.948)
    (xy 0.469 -0.943) (xy 0.471 -0.937) (xy 0.472 -0.932) (xy 0.474 -0.926)
    (xy 0.474 -0.921) (xy 0.475 -0.915) (xy 0.475 -0.615) (xy 0.474 -0.609)
    (xy 0.474 -0.604) (xy 0.472 -0.598) (xy 0.471 -0.593) (xy 0.469 -0.587)
    (xy 0.467 -0.582) (xy 0.465 -0.577) (xy 0.463 -0.572) (xy 0.46 -0.567)
    (xy 0.457 -0.562) (xy 0.454 -0.558) (xy 0.45 -0.553) (xy 0.446 -0.549)
    (xy 0.442 -0.545) (xy 0.438 -0.541) (xy 0.434 -0.538) (xy 0.429 -0.534)
    (xy 0.425 -0.531) (xy 0.42 -0.528) (xy 0.415 -0.526) (xy 0.41 -0.523)
    (xy 0.404 -0.521) (xy 0.399 -0.519) (xy 0.394 -0.518) (xy 0.388 -0.517)
    (xy 0.382 -0.516) (xy 0.377 -0.515) (xy 0.371 -0.515) (xy 0.366 -0.515)
    (xy 0.36 -0.515) (xy 0.14 -0.515) (xy 0.134 -0.515) (xy 0.129 -0.515)
    (xy 0.123 -0.515) (xy 0.118 -0.516) (xy 0.112 -0.517) (xy 0.106 -0.518)
    (xy 0.101 -0.519) (xy 0.096 -0.521) (xy 0.09 -0.523) (xy 0.085 -0.526)
    (xy 0.08 -0.528) (xy 0.075 -0.531) (xy 0.071 -0.534) (xy 0.066 -0.538)
    (xy 0.062 -0.541) (xy 0.058 -0.545) (xy 0.054 -0.549) (xy 0.05 -0.553)
    (xy 0.046 -0.558) (xy 0.043 -0.562) (xy 0.04 -0.567) (xy 0.037 -0.572)
    (xy 0.035 -0.577) (xy 0.033 -0.582) (xy 0.031 -0.587) (xy 0.029 -0.593)
    (xy 0.028 -0.598) (xy 0.026 -0.604) (xy 0.026 -0.609) (xy 0.025 -0.615)
    (xy 0.025 -0.915)) (layer F.Mask) (width 0.01))
  (fp_poly (pts (xy -0.625 -0.975) (xy -0.619 -0.974) (xy -0.614 -0.974) (xy -0.608 -0.972)
    (xy -0.603 -0.971) (xy -0.597 -0.969) (xy -0.592 -0.967) (xy -0.587 -0.965)
    (xy -0.582 -0.963) (xy -0.577 -0.96) (xy -0.572 -0.957) (xy -0.568 -0.954)
    (xy -0.563 -0.95) (xy -0.559 -0.946) (xy -0.555 -0.942) (xy -0.551 -0.938)
    (xy -0.548 -0.934) (xy -0.544 -0.929) (xy -0.541 -0.925) (xy -0.538 -0.92)
    (xy -0.536 -0.915) (xy -0.533 -0.91) (xy -0.531 -0.904) (xy -0.529 -0.899)
    (xy -0.528 -0.894) (xy -0.527 -0.888) (xy -0.526 -0.882) (xy -0.525 -0.877)
    (xy -0.525 -0.871) (xy -0.525 -0.866) (xy -0.525 -0.86) (xy -0.525 -0.64)
    (xy -0.525 -0.634) (xy -0.525 -0.629) (xy -0.525 -0.623) (xy -0.526 -0.618)
    (xy -0.527 -0.612) (xy -0.528 -0.606) (xy -0.529 -0.601) (xy -0.531 -0.596)
    (xy -0.533 -0.59) (xy -0.536 -0.585) (xy -0.538 -0.58) (xy -0.541 -0.575)
    (xy -0.544 -0.571) (xy -0.548 -0.566) (xy -0.551 -0.562) (xy -0.555 -0.558)
    (xy -0.559 -0.554) (xy -0.563 -0.55) (xy -0.568 -0.546) (xy -0.572 -0.543)
    (xy -0.577 -0.54) (xy -0.582 -0.537) (xy -0.587 -0.535) (xy -0.592 -0.533)
    (xy -0.597 -0.531) (xy -0.603 -0.529) (xy -0.608 -0.528) (xy -0.614 -0.526)
    (xy -0.619 -0.526) (xy -0.625 -0.525) (xy -0.925 -0.525) (xy -0.931 -0.526)
    (xy -0.936 -0.526) (xy -0.942 -0.528) (xy -0.947 -0.529) (xy -0.953 -0.531)
    (xy -0.958 -0.533) (xy -0.963 -0.535) (xy -0.968 -0.537) (xy -0.973 -0.54)
    (xy -0.978 -0.543) (xy -0.982 -0.546) (xy -0.987 -0.55) (xy -0.991 -0.554)
    (xy -0.995 -0.558) (xy -0.999 -0.562) (xy -1.002 -0.566) (xy -1.006 -0.571)
    (xy -1.009 -0.575) (xy -1.012 -0.58) (xy -1.014 -0.585) (xy -1.017 -0.59)
    (xy -1.019 -0.596) (xy -1.021 -0.601) (xy -1.022 -0.606) (xy -1.023 -0.612)
    (xy -1.024 -0.618) (xy -1.025 -0.623) (xy -1.025 -0.629) (xy -1.025 -0.634)
    (xy -1.025 -0.64) (xy -1.025 -0.86) (xy -1.025 -0.866) (xy -1.025 -0.871)
    (xy -1.025 -0.877) (xy -1.024 -0.882) (xy -1.023 -0.888) (xy -1.022 -0.894)
    (xy -1.021 -0.899) (xy -1.019 -0.904) (xy -1.017 -0.91) (xy -1.014 -0.915)
    (xy -1.012 -0.92) (xy -1.009 -0.925) (xy -1.006 -0.929) (xy -1.002 -0.934)
    (xy -0.999 -0.938) (xy -0.995 -0.942) (xy -0.991 -0.946) (xy -0.987 -0.95)
    (xy -0.982 -0.954) (xy -0.978 -0.957) (xy -0.973 -0.96) (xy -0.968 -0.963)
    (xy -0.963 -0.965) (xy -0.958 -0.967) (xy -0.953 -0.969) (xy -0.947 -0.971)
    (xy -0.942 -0.972) (xy -0.936 -0.974) (xy -0.931 -0.974) (xy -0.925 -0.975)
    (xy -0.625 -0.975)) (layer F.Mask) (width 0.01))
  (fp_line (start 1.25 -1.25) (end 1.25 1.25) (layer F.CrtYd) (width 0.05))
  (fp_line (start -1.25 -1.25) (end -1.25 1.25) (layer F.CrtYd) (width 0.05))
  (fp_line (start -1.25 1.25) (end 1.25 1.25) (layer F.CrtYd) (width 0.05))
  (fp_line (start -1.25 -1.25) (end 1.25 -1.25) (layer F.CrtYd) (width 0.05))
  (fp_line (start 1 -1) (end 1 1) (layer F.Fab) (width 0.127))
  (fp_line (start -1 -1) (end -1 1) (layer F.Fab) (width 0.127))
  (fp_line (start -1 1) (end 1 1) (layer F.Fab) (width 0.127))
  (fp_line (start -1 -1) (end 1 -1) (layer F.Fab) (width 0.127))
  (fp_circle (center -1.4 -1.4) (end -1.3 -1.4) (layer F.Fab) (width 0.2))
  (fp_circle (center -1.4 -1.4) (end -1.3 -1.4) (layer F.SilkS) (width 0.2))
  (fp_line (start -0.4 -1.15) (end -1.15 -1.15) (layer F.SilkS) (width 0.1))
  (fp_line (start -1.15 -1.15) (end -1.15 -0.4) (layer F.SilkS) (width 0.1))
  (fp_line (start 1.15 -1.15) (end 0.4 -1.15) (layer F.SilkS) (width 0.1))
  (fp_line (start 1.15 -1.15) (end 1.15 -0.4) (layer F.SilkS) (width 0.1))
  (fp_line (start 1.15 1.15) (end 1.15 0.4) (layer F.SilkS) (width 0.1))
  (fp_line (start 1.15 1.15) (end 0.4 1.15) (layer F.SilkS) (width 0.1))
  (fp_line (start -1.15 1.15) (end -1.15 0.4) (layer F.SilkS) (width 0.1))
  (fp_line (start -1.15 1.15) (end -0.4 1.15) (layer F.SilkS) (width 0.1))
  (pad 12 smd roundrect (at -0.25 -0.765) (size 0.35 0.4) (layers F.Cu F.Paste) (roundrect_rratio 0.1))
  (pad 11 smd roundrect (at 0.25 -0.765) (size 0.35 0.4) (layers F.Cu F.Paste) (roundrect_rratio 0.1))
  (pad 10 smd roundrect (at 0.775 -0.75) (size 0.4 0.35) (layers F.Cu F.Paste) (roundrect_rratio 0.09))
  (pad 9 smd roundrect (at 0.765 -0.25) (size 0.4 0.35) (layers F.Cu F.Paste) (roundrect_rratio 0.09))
  (pad 8 smd roundrect (at 0.765 0.25) (size 0.4 0.35) (layers F.Cu F.Paste) (roundrect_rratio 0.09))
  (pad 7 smd roundrect (at 0.775 0.75) (size 0.4 0.35) (layers F.Cu F.Paste) (roundrect_rratio 0.09))
  (pad 6 smd roundrect (at 0.25 0.765) (size 0.35 0.4) (layers F.Cu F.Paste) (roundrect_rratio 0.1))
  (pad 5 smd roundrect (at -0.25 0.765) (size 0.35 0.4) (layers F.Cu F.Paste) (roundrect_rratio 0.1))
  (pad 4 smd roundrect (at -0.775 0.75) (size 0.4 0.35) (layers F.Cu F.Paste) (roundrect_rratio 0.09))
  (pad 3 smd roundrect (at -0.765 0.25) (size 0.4 0.35) (layers F.Cu F.Paste) (roundrect_rratio 0.09))
  (pad 2 smd roundrect (at -0.765 -0.25) (size 0.4 0.35) (layers F.Cu F.Paste) (roundrect_rratio 0.09))
  (pad 1 smd roundrect (at -0.775 -0.75) (size 0.4 0.35) (layers F.Cu F.Paste) (roundrect_rratio 0.09))
)
